1001101011101011101010011100011010010101110101111111101010110110110101010111101111011101000000000101101010110101010001100101011000000000
0100000101010111111001100101100101101001011010101001101010101101011111011010101110111010010000011001100101010101100100010101010000000001
0110011010101010101010011101010101011001010101110110101010111011010101010111111110010110000000000101101010110110010001101011010100000010
0101000001010101101001010110101001010100000101011001010110111110011101011011101011100010010101010101010110010101010110011001010100000011
0101100100101011111000000100000010101111100101101001101101011001010101010111111111110101010000000001101010010101000001100101011100000100
0101010001010110010101011001011001010001000000000000000101101010011101010101101010101001100101010101000101101010111111110111101000000101
0101010101010101010000000000011010111010101010101011010110101010101010010111101101110110010100000001010101011001000000010101010100000110
1001010101010101100101011001101010100101010000000000001011010101011011011101101010101001011010010100101110101011111011101111101000000111
0001010101011010100100000101011010101010100101100101100110100101101011111010110111110101101000000001010101010101000000000101010100001000
0101010101010101011001011010101010100101010000000000000010101101100100001010101010101010101010010000100111101010111111111010101000001001
0000000001000110010100000001111011101110011111100110011010111010011011111011011101110101010101000000010101010100000000000001010100001010
0101010101011001010101101010100101101001010000000000000010010101010100010101000110101010101010101100000101010110101110101010010100001011
0101000000001001000000001010101001010110111010111010101111101111101011111110011010100101100100000000000101000001010000000000010100001100
0101010101011001010101101010101001101010100100000000000000000001101111111100011101101010101110101010101010010110100010101001101000001101
0101010000010100101010101011101001101010101010101010101111111111101011111111010100000101010100000000000000000001010110011010101100001110
0001100101010101010110010101100110101001010010100000000000000000101111101101010101011010101110100110101110011000000110100101010100001111
0101000101010110111101100110010110101010101010101010101010101010101111111111010100000101010100000000000000000001011011101011111100010000
1111101010110101010101100101010101011001000001100000000000000000001111111111011001101010101011111011011001100101010110101010101000010001
1010010000101110111111111011101010101010101010101010101010101011111111111111110000010101010101000000000000011001101111101101111100010010
0101010111111110110101100101100101010101010101100000000000000000101111111111010110110101011010101010101010000101010010100101101000010011
1010101010001011101010111011111010101010101010101010101011111111111111111111100000010101010101010101001010011111011101111111010100010100
0101101111010111111110111010110101101010010101000000000000000000101110101011111010100110010001001010111010000101010110011010010100010101
1110101010101011101001101111111010111111111111101010101111111111111111111101000000010101010101010101100010101001010110111111110100010110
0101010101010111010111101111101010101110100101000000000000000000111111101010100011101010010100101010101010000101011010100000001000010111
1110101010111011100101111111111111111111111111111111111111111111101010100100000000000101010101010101110101010101100100111010010100011000
0101010101010101010101011011101010111010100100000000000000000110111110101011111001011001011010101010101010000101011010101000100100011001
1111111111111110010101111111111111111111111111111111111111111110010100000000000000000001010101010111100111011001100110011010010100011010
0101010101010101010101010111101011101110100100000000000000000110111011111111111010101011100110101010101010000101011010101010101000011011
0110111111101110010101110111110101011110111010111010011111101001010000000000000000010101101010100101011110011001010110011010010100011100
0101010101010101010101011110101111111010011001000100000000000001111011111111111101111010010110011001011010100001001010001110011000011101
0100111110111110010111101110100110100110101101101010110101111101000000000001010101001011101110111011110101010101100110011010101000011110
1001010101010101010101011010111010101110010110101000000000000000101011111110111111101110011010110110101010101111100001101010101000011111
0110111010101010010101011011010111010111011101100110011111111101010000000101010101011111111111011101011001100110010110010101101000100000
1010100101010101010110101010011111111111111001101001000000000000001011111010101111100110010101011010101010101010110001011010011000100001
1000011110101010010101011110010110010111011010011001011111111111100101000101010101101010111101100101010101100110010110100101010100100010
1010101010100101011001010101011111111010111001101010000000000000000101011010101111101110011001010100001010101011110000101001010100100011
0100101010101010010101011010011010100101011010010101111111111111101010010101010101101111110110101101011001101010010110101001010100100100
0101010101010101010101011001010111111010111001111010000000000000010001010101011010011101011111100100101010101110101011111111111100100101
0101010000010110010101011011010110101110011101100111111111111111011001011010010101101111111010011101101010101010011010101001010100100110
0101011001000000000001000000000001110110101110010100000000000000000001010110010110101001011001110000101011101010101001101111111100100111
0101010100101010010110101110010101101011101001100111101111111111101011010110100110111110101010011101101001010101011010010101010100101000
0101101000000000010101010000000000010110100011010100000000000000000000000000011001101010101010111000101001010110101001101110111000101001
0101010101010110111111111110010110101010101101101101010111101010010101110101101010111011010101110101100101010101011010010101010100101010
0110001000000101010100000101000000001110101001110000000000000000000001000100000101011010111010101100101001010101010110100111011000101011
0101010101010101100101101010111111111011100110100101101010100110010101011001101011111110010101011010101001010101101001010101010100101100
0000010000010101000000000001010100001111101011100000000000000000000001000000000001010110101011101011100101010110101010100110111000101101
0101010101010101010101010101011111101010100111111101010101010110101001010110111111101101011001010110100101010101100001010101010100101110
0101010000010000010001010000000101001111111010111100000000000000000000000000000000010110101010101111100111010100011010011010101000101111
0101011001010101010101010110101010011010111101010101101001011010101010010101011111101101011001011010101001010101000000000000010100110000
0000000000010000000001010100000000000101101010111100000000000000001010010110000000000101101010100110101010100101100110100111111100110001
0110101001010101010001010111111010011011010101011010101010101011011110010110101110111001011010010110101001010101000000000000000000110010
0000000000000100000001100100000001000101101010111100000000000000001010000101000000000001101001111110111010100110100110101011101000110011
0101010101010101000101110101011010011001011010011010101010100111010110010110101110111001011010010110101001010101000001000000010000110100
0000000000010000000101010000010001000111101010111100000000000000000000101000000000000001010110010101101011101010101001100001010100110101
0101101010010101000101100101011010100101100101101010101010100110100110101001101111110101011001011010101010010101000000000000000000110110
0000000000010100010010100101000001000101101110111110000000000000000000000000000000000010010000010101101010101110101010100001001000110111
0101101010100101010101100101011101011110100101101010101001100101010101101010101011100101011001011010101110100101000000000100100000111000
0000000000010100010110100001010001000101101111111111000000000000000000000000000000000000000001100110101011101011111010101010101000111001
0101101010100101010110111001010101011001101001100101101001010110011001100101111111100101010101010110101010010010010101001000010000111010
0000000000010100010110100001100000010111101010101111000000000000000000000000000000000000010101101001101110101111111001111010111100111011
0101101010100101010101100111100101010101011010100110010110100101010101011110101111100101010101010110101010011010000110101010101000111100
0000000000010100010110010001010000110101010110111111100000000000000000000000000000000000010101101010101110101110111001010101101100111101
0101011001100100000001010101000000010101101010101011010101010110111010110101111110111001010101010101101001010010100101101010000000111110
0101000000010101010010011001010000010111010111111100000000000000000000000000000000010001010101011010101010000110011001101110111000111111
0000010101010000000100000000000000000001010101010110101001011001101010101001111010101001010110010110101001010000000000000110000001000000
0100000000000001000001101001000010001010011111111100000000000000000000000000000000011001101010100110101010000001010001101001001001000001
0000000000000000000100001010000000000000000000000001011010100110010110010101101010111001011001011010101001000000000010010101000001000010
0101000100000000000000011000000000100010010111111100000000000000000000000000000000001010000000000000000000000000000000010100000001000011
0000000000000000101000000000000000000000000000000000011001010001000101010100011010111001010101011010011001010100010110010110010101000100
1110010101101001010101011010010001010001011111011110111000000000000000000000000000000000000000000000000000000000000000000000000001000101
0000000000000000000000000000000000000000000000000000000101000000000110010100101010110101010110110110100101011010101010011001100101000110
0101011010010101111110101001010111110101010101011001010110000000000000000000000000000000000000000000000000000000000000000000000001000111
0000000000000000000000000000000000000000000000000000000000000000000000000000001010100101010101101010100110100101011010011001010101001000
0110111010101001010101011001101001110111111101100110110110000000000000000000000000000000000000000000000000000000000000000000000001001001
0000000000000000000000000000000000000000000000000000000101000000000000000000001110101010101001010111101001010110010110100110010101001010
0101110111010101010101011010010101010101111101011010111101100000000000000000000000000000000000000000000000000000000000000000000001001011
0000000000000000000000000000000000000000000000000000010101000010000000000001101011111001011011101001100101011111011110100101010101001100
1111010111111111010101011001111011100101101111011000101101100010000000000000000000000000000000000000000000000000000000000000000001001101
0000000000000000000000000000000000000000000000000000000101000000000000000010110111111001101110011101010101110110010111011001100101001110
0101101111111111011101100111101010101001011111010001101101010100000000000000000000000000000000000000000000000000000000000000000001001111
0000000000000000000000000000000000000000000000000000000000000000000000000101110110110101101001101111111010101010010101010101010101010000
0110010101110101010101101011101110101000110101010100011001011000000000000000000000000000000000000000000000000000000000000000000001010001
0000000000000000000000000000000000000000001000000000000000000000000000000001110110101011110110111110010101010110010101100101010101010010
0101111101010101010101011111101011101000110101100101011010010000000000000000000000000000000000000000000000000000000000000000000001010011
0000000000000000000000000000000000000000000000000000000000000000000000000010111101011011011101101101010101111101011001100110010101010100
0111010101011101010101101010101010101000010110100101010110110000000000000000000000000000000000000000000000000000000000000000000001010101
0000000000000001000000000000000000000000000000000000000000000000000000000001111101011010101001110111111111110101111110100110110101010110
0101010111010101010110111011101010101000011100011001010001010000000000000000000000000000000000000000000000000000000000000000000001010111
0000000000000001000000000000000000000000000000000000000000000000000000000010010101010111111111111101010101010101010110100101101001011000
0101010101010101010110110010101010100100010100011010010101000000000000000000000000000000000000000000000000000000000000000000000001011001
0001000000000000000000000000000000000000000000000100000001000000000000000010010110100110111101010101101001100101010110100101011001011010
0101010101010110101010000110101011111001000101011001011011000000000000000000000000000000000000000000000000000000000000000000000001011011
0010000100000000000000000000000000000000000000000000000000000000000000000000010101011010110101010110010101010110101010100101011001011100
1001010101010110111001010110101010111101100110100101011001000000000000000000000000000000000000000000000000000000000000000000000001011101
0000000000000000000000000000000000000000000000000000000000000000000000000001110101111001011001100101010101010110110110101001010101011110
1001101011110110000000001010111011101101011010000010011000000000000000000000000000000000000000000000000000000000000000000000000001011111
0000000000000000000000000000000000000000000000000000000000000000000100000000010101101001010101010101111010100110100110101001010101100000
0101010110000101010001011010111110100101100100000001101000000000000000000000000000000000000000000000000000000000000000000000000001100001
0000000000000000000000000000000000000000000000000000000000000000000010001000011111101001101001101010100101010110100110010101010101100010
0101011010011010000000011010111110110110011101010101011000000000000000000000000000000000000000000000000000000000000000000000000001100011
0000000000000000000010000000000000000000000000000000000000000000000010101000100111110101011101100101010110010101101001010101000101100100
0101011001100001010100101010101110110100011101010001010000000000000000000000000000000000000000000000000000000000000000000000000001100101
0000000000000000000001000000000000001000000000000000000000000000001010000000100011111001011101100101011001110110101001101001010101100110
0110010110011000010001101010111110100101011010000110100010100000000000000000000000000000000000000000000000000000000000000000000001100111
0000000000000000000000000000000000010010010000000000000010111000000100010101010011111001011101100001011001111001011001010101101101101000
1101101001101110000000101010110110110101010110010111000110111100001000000000000000000000000000000000000000000000000000000000000001101001
0000001000000000000000000000000000000101000000000000011111111111100001000000000010110101011101101001101001100111100101011001010101101010
1010011110101010100000101010101010010100001001010100100110101001000000000000010000000000000000000000000000000000000000000000000001101011
0000100100000000000000000000000000000000000000000000111011111111110100000000000000110101101101111010101010101010111101100101010101101100
0111010101011010101001011010111011010100010101111000010110101001000000000000000000000000000000000000000000000000000000000000000001101101
0000000000000000000000000000000000000000000000000000101111111111111100000000000010111001101101101101110110101011101001010111111001101110
0101010101010110101101001010101011010100010111111000101001011001101000000000000000000000000000000000000000000000000000000000000001101111
0000000000000000000000000000000000000000000000000000101111111111111101000000000010100110011001011001011011111110100110011001100101110000
1001011001010101101011010110011011010100001111101000001001010110000000000000000000000000000000000000000000000000000000000000000001110001
0000000000000000000000000000000000000000000000000000101011111110111110000000000000111001100101011110011011111011101001100110101001110010
0110101001100101011011010101010111010111111011100000000010100000000000000000000000000000000000000000000000000000000000000000000001110011
0000000000000000000000000000000000000000000000000101101101101101111010000000000000111010101001111101111111111010100101010101100101110100
0110010101010110011110010100100001010100111011100000000000000000000000000000000000000000000000000000000000000000000000000000000001110101
0000000000000000000000000000000000000000000000000101100100111110001010000000000000111010100101010101101111110101100101110101110101110110
0110101010100110010110010000100101010010101011000000000000000000000000000000000000000000000000000000000000000000000000000000000001110111
0000000000000000000000000000000000000000000000000001101010110000101000000000000000101111100101010101101111011001010110101010101001111000
1010011001101110011001010001010101010000101011000000000000000000000000000000000000000000000000000000000000000000000000000000000001111001
0000000000000000000000000000000000000000000000000000011010101010100100000000000010101111100110010101101010010101100110010101011001111010
0110101010100101010110100101000101100011111111010000000000000000000000000000000000000000000000000000000000000000000000000000000001111011
0000000000000000000000000000000000000000000000000000000001010101010000000000100010101011101001010101101010101001010110010101010101111100
1101010101100100010110010101010101011010111111010000000000000000000000010000000000000000000000000000000000000000000000000000000001111101
0000000000000000000000000000000000000000000000000000000000000000000000000000000010001011101110010101010101101010101001111111110101111110
0101011001000011010101110110010101010010111011000000000000000000000000000000000000000000000000000000000000000000000000000000000001111111
0000000000000000000000000000000000000000000000000000000000000000000000000000001000000011111010010101011001010101010101100101010110000000
1101010100000111011110010101011001010110110011000100000000000000000000000000000000000000000000000000000000000000000000000000000010000001
0000000000000000000000000000000000000000000000000000000000000000000000000000000001100010111110010101011110011010100101010101010110000010
0101010000000101010110110101010101010010110010000000000000000000000000000000000000000000000000000000000000000000000000000000000010000011
0000000000000000000000000000000000000000000000000000000000000000000000000000000000000000111010011110101110111001101001010101000010000100
0100010111000001010111110101101011001010110111000000000000000000000000000000000000000000000000000000000000000000000000000000000010000101
0000000000000000000000000000000000000000000000000000000000000000000000000000000000000000011111010101010101101010010101010100010010000110
1100010101000001011101010100111001010111110101100000001010100000000000000000000000000000000000000000000000000000000000000000000010000111
0000000000000000000000000000000000000000000000000000000000000000000000000000000000000010001110100110010110101001011010010000000110001000
0110000101110001011101010101110101011111101101110000101010101000000000000000000000000000000000000000000000000000000000000000000010001001
0010000000000000000000000000000000000000000000000000000000000000000000000000000000000000001111100101011011101110101001010101000010001010
1100000000010001110101010001011010011111110101111100001111001110000000000000000000000000000000000000000000000000000000000000000010001011
0000000000000000000000000000000000000000000000000000000000000000000000000000000000000000111111101001101010101110100101010101101010001100
0011110000000001010101011101011001111111000011001100111100000000000000000000000000000000000000000000000000000000000000000000000010001101
0010001000000000000000000000000000000000000000000000000000000000000000000000000010000000111011111001101010111010101010011001011010001110
1111101000000001010101000011000111111100000001011110001000000000000000000000000000000000000000000000000000000000000000000000000010001111
1111100100000000000000000000000000000000000000000000000000000000000000000000000000100011101111111010011001101110101110111010111010010000
1111011000000101010101000000101111000000000001010000111010001000000000000000000000000000000000000000000000000000000000000000000010010001
0101010000000000000000000000000000000000000000000000000000000000000000000000000011111111101111111111100110011010101010101001100110010010
1000100000010101000101010110111111000000000000010100011110110000010100000000000000000000000000000000000000000000000000000000000010010011
0000000000000000000000000000000000000000000000000000000000000000000000000000111111000001101111111111011001101010100101010110100110010100
0001100000000101010101101111001100000000000000010101110100001011000000000000000000000000000000000000000000000000000000000000000010010101
0000000000000000000000000000000000000000000000000000000000000000001111111111010000001100111111110011010101010101101010010101010110010110
0001000000100101010101111100010000000000000000010000000011000010101100000000000000000000000000000000000000000000000000000000000010010111
0000000000000000000000000000000000000000000000000000000011111111111000000000000000000100111111110011011010100110100101010101010110011000
0101011010010111011010110101000000000100000000000000000001010001001010110000000000000000000000000000000000000000000000000000000010011001
0001010100000000000000000000000000000000000000000011111101000000000010000000000000000000111111110011110101100101101001011101010110011010
0101010101111010101101010101010000000000000000000000000000000000101000101011000000000000000000000000000000000000000000000000000010011011
0110100101000000000000000000000000000000000011111101000000000000000000000000000000000000111111000011101001011001011001011101010110011100
0101010101101111110110010000010100000000000001000000000000000001000000010000101100000000000000000000000000000000000000000000000010011101
0110100101000000000000000000000000000000111110000000000000000000000000000000000000000000111111110010101010101001011001010101010110011110
0101101110111100000101010000000000000000000100000000000000000000000000011001000011110000000000000000000000000000000000000000000010011111
0110101000000000000000000000000000000011100000000101010100000000000000000000000000000000011111110010111010101010101011010101111110100000
1010011011110000000101000000000000010000010000000000000000000101000000010110100001111111000000000000000000000000000000000000000010100001
0001010100000000000000000000000000001100000000000000000000000000011000000000000000111111001111101110101010010101011010101001010110100010
0101011011010001010100000000000000000001000000000000000000000000000000000101000000010111111011110000000000000000000000000000000010100011
0000000000000000000000000000000011110000000000000000000000000000000000000000000011111111110111111111101010100101010101010101010110100100
0110010111100010010101000100000001000000000101000000000001000000000000010000010000000001010101111100000000000000000000000000000010100101
0000000000000000000000000000001111000000000000000000000000000000000000000000000011111111110110111111101010010101010101010101010110100110
0101010111110001010000000000000000000000000101010001000000000000000000000101010010000000000000011111000000000000000000000000000010100111
0000000000000000000000000000111000000000000000000000000000000000000000000000000000101111111100101110101010100101010101010110011010101000
1001011011110000000000000000010100000000000101010000000000010000000000000000000110010000010100000111111100000000000000000000000010101001
0000000000000000000000000011000100000000000000000000000000000000000000000000000101001111111111001110101010100101010101010101010110101010
0101101111100100010000010101000000000000000001000000000001000000000000000000000001010001010101010101011011110000000000000000000010101011
0000000000000000000000001110000000000000000000000000000000000000000000000000000110011011111111111111101010100101010101100101010110101100
0111101111010000000000010100000000000000000000000000000001010000000000000000000001111000010101010101000101111011000000000000000010101101
0000000000000000000000001100000000000000000000000000000000000000000000000000000101101111111111111111110101101010100110010101011010101110
1111111100101000000001010000000000000000000000000000000000000000010100000000000000010110100001010101010000000111110001000000000010101111
0000000000000000000000110000000000000000000000000000000000000000000000000000000101101111111111111111101101010101010101100101101010110000
1010111100111101000000010000000000000000000000000000000000000000010001000000000000010101001010100001010000001001111100010000000010110001
0000000000000000000011010000000000000000000000000001000000000000000000000000000101101111111111111111111001010101111101101111100110110010
0010111111000100000001000000000000000000000000000000000000000000010000000100000000000010010110100000000000000010001111000000000010110011
0000000000000000000011000000000000000000000000000001000000000000000000000000000101101111111111111111111110100101010111111001101110110100
1011111101110001000000000000000000000000000000000000000001000000010000000101000000000100100101011010000000000000100011110001000010110101
0000000000000000001110100000000001000001000000000001000000000000000000000000000000011001101111110111111111101001101110100000100110110110
1111011111000101010000000000000000000000000000000000000000000101000000010100000000000000000101011010111000000000101000111100010010110111
0000000000000000001100110000010000000000000100000001000000000000000000000000000000000000010110111100111111111110111001110110011010111000
1001000011111100000000000000000000000000000000000000000000000101010001000000000000000001000001010101111110000000000010001000010110111001
0000000000000000111001100000000000000000000000000001000000000000000000000000000000000000000000011101001111111001101010010101100110111010
0101000110010100000000000000010000000000000000000000000000010101010101000000000000000000000100010100011011100110100101100011000110111011
0000000000000000110110100000000000000000000000000100000000000000000000000000000000000000000000000001001011001010101010011000010110111100
0000011001000000000000000000000000000000000000000000000000000100010000000000000000000000110100010000010110111101010101011000100010111101
0000000000000011100100000000000010000000000000000000000000000000000000000000000000000000100000000000110101100110010000000001100010111110
0001100101000100000000000000000000000000000000000000000000000000000000000000000000000000000101000101001001111100010111111111001110111111
0000000000000011011000000000000000000000000000000000000000000000000000000000000000000000000000000011000001100011100101000100010011000000
0001010100000000000000000100000000000000000000000000000000000000000000000000000000000000000000011101010000000000110111010001100011000001
0000000000001111010000000000010000000000000000000000000000000000000000000000000000000000000000000010010111101110100000000001000011000010
0101010100000000000000000000000000000000000000000000000000000000000000000000000100000000000010010001000000001101110001000100001011000011
0000000000001101000000000000000000000000000000000000000000000000000000000000000000000000000000001100000101111011010001000001000011000100
0001000000000001000001000000000000000000000000000000000000000000000000000000000000000000000100010000000001000001010101010100010011000101
0000000000001110000001010000000000000000000000000000000000000000000000000000000000000000000000111000010000010100000001010100000011000110
0000010100000100000100000000000000000000000000000000000000000000000000000000000001000000001101000000010000000000000101010100000111000111
0000000000111110000001010000000000000000000000000000000000000000000000000000000000000000000000110000010100000101000001010000000011001000
0000000000000000000000000000000000000000000000000000000000000000000000000000000000000000001101000000010000010000000000010101000011001001
0000000000111010010001010000000000000000000000000000000000000000000000000000010100000000000000100001000000000100000000000000000011001010
0000000000000100000000000000000000000000000000000000000000000000000000000000000000000001011101000000000000000100000001010101000011001011
0000000011010110000101000000000000000000000000000000000000000000000000000000100000000001000010010000000000000000000000010000000011001100
0000000000000000000001000000000000000000000000000000000000000000000000000000000000000000000001000000000001010000000000010101000111001101
0000000011100100000101010000000000000000000000000000000000000000000000000000100000000000000010000000000000000000000000000001000011001110
0000000000000000000000000000000000000000000000000000000000000000000000000000000000000000000000000001010001010100000100000101010011001111
0000001111011010000101000000000000000000000000000000000000000000000000000000000000000000001010000000000000000000000000000000000011010000
0000000000010000000000000000000000000000000000000000000000000000000000000000000000000001011100000001010000010100000001000000010111010001
0000001110010110001001000000000000000000000000000000000000000000000000000000000000000000001001000000000000000000000000000000000011010010
0000000000000000000000000000000000000000000000000000000000000000000000000000000000000000000000000101000000010101000001010000000111010011
0000001110100110001000000000000000000000000000000000000000000000000000000000000000000000001000000001000101000000000000000001000011010100
0000000000000000000000000000000000000000000000000000000000000000000000000000000000010000000000000101010000010101000000000000000011010101
0000110101010110010100000000000000000000000000000000000000000000000000000000000000000000001000000001000000000101000000000000000011010110
0000000000000000000000000000000000000000000000000000000000000000000000000000000100010000000000010001000000000100000000000000000011010111
0000111010010101010101000000000000000000000000000000000000000000000000000000000000000000001000000000000000000100000000000000000011011000
0000000000000000000000000000000000000000000000000000000000000000000000000000000000010000000000000101000000000101010000000000000011011001
0000111010011001100001000000000000000000000000000000000000000000000000000000000000000000101000000000010000000000000000010000000011011010
0000000000000000000000000000000000000000000000000000000000000000000000000000000000010000000000000100000100000001100000000000000011011011
0011010101010101100001000000000000000000000000000000000000000000000000000000000000000000100000000100000000000000000000010100000111011100
0000000000000000000000000000000000000000000000010000000000000000000000000001000000000000000000000001000000000001100000000000000011011101
0011100101010101010000000000000000000000000000000000000000000000000000000000000000000000100000000001000000000000000000010000000011011110
0000010000000000000000000000000000000000000000000000000000000000000000000000000000000000000000000001000001010100010100000000000011011111
1111011001100101000001000000000000000000000000000000000000000000000000000000000000000001010000000000000100000000000000000000000011100000
0000000000000000000000000000000000000000000000000000010000000000000000010001000000000000010000000000010001010000010101000000010011100001
1110101010011010010000000000000000000000000000000000000000000000000000000000000000010001000000000000000000000000000000000000000011100010
0000000000000000000000000000000000000000000000000000000000000000000000000101010000010000000100000001010101010001010101010000010111100011
1110011010010110010001000000000000000000000000000000000000000000000000010100000000000000000000000000000000000000000000010100000011100100
0001000000000000000000000000000000000000000000000000000000000000000000000001000000010000000100000101010101000101011001010001010111100101
0110010101011110000001000000000000000000000000000000000000000000000000100101000000000001000000000001000000000000000000000101000011100110
0000000000000000000000000000000000000000000000000000000000000000000000000000000000000000000001000001000101000000000101010100010111100111
1010010101101101000101010000000000000000000000000000000000000000000000010000000000001010000000000000000000000000000000000000000011101000
0000000000000100000000000000000000000000000000000000000000000000000000000000000000010000000000010101000000010000000101010101010111101001
1010000101011101000101000000000000000000000000000000000000000000000000000000000000001100000001010000000000000000000000000000000011101010
0000000000000000000000000000000000000000000000000000000000000000000000000000000000010000000000000100000000010001010100010101010111101011
1010001001011101010101000000000000000000000000000000000000000000000000000000000000001000000001000000010100000000000000000000000011101100
0000000000000000000000000000000100000000000000000000000000000000000000000001010000010000000000000101010000010110010101010101010111101101
1000100101011001010000000000000000000000000000000000000000000000000000000000000000001000010001010000010000000000000000000000000011101110
0000000000000000000000000000000000000000000000000000000000000000000000000001010000010000000000000100010000010101010101010101010111101111
0110100110111001000000000000000000000000000000000000000000000000000000000101000000000100011110010000000000000001000000000000000011110000
0000000000000000000000000000000000000000000000000000000000000000000000000000010000000000000001000000000000010101010101010101011011110001
0110000101110100000000000000000000000000000000000000000000000000000000000100000000010000011000100001000000000100000000010100000011110010
0000000000000000000000000000000000000000000000000000000000000000000000000000000000010000000000010000000001010101000101000110010111110011
0110000101111001000000000000000000000000000000000000000000000000000000000000000000010000011110100000000000000100000000000000000011110100
0000000000000000000000000000000000000000000000000000000000000000000000000001000000000100000001010100010101010101010101010101010111110101
0110000101011010010101000000000000000000000000000000000000000000010000000000000000010000000101000000000000000000000000000000000011110110
0000000000000000000000000000000000000000000000000000000000000000000000000000000101010001000101010001010101010101010001010101101011110111
1101000101110111110101010000000000000000000000000000000000000000000000000000000010100000000000000000000000000000000000000000000011111000
0000000000000000000000000000000000000000000000000000000000000000000000000000000000000001000101100101010101011001010101010101101011111001
0110000101011111111101010000000000000000000000000000000000000000000010000000000011010000000100000100000100000000010000000000000111111010
0100000000000000000000000000000000000000000000000000000000000000000000000000000100000000000101010101010101011001000110010110101011111011
0101100110011111111110010000000000000000000000000000000000000000000000000000000010010000000000000000000000000000000000000101010111111100
0000000000000000000000000000000000000000000000000000000000000000000000000000000000000000000101011001011001010101010110010110101011111101
0101100101111111111110010000000000000000000000010000000000000000000000000000000010000000000000000000000000000000000000000100000011111110
0000010000000000000000000000000000000000000000000000000000000000000000000000000001010000000110010101010101010101010110010110100111111111